1.258925411794167436e-04 9.999999999999999799e-13 1.000000000000000030e-13
1.281763227068086501e-04 1.012057540966550393e-12 1.012057540966550494e-13
1.305015336788363555e-04 1.024260466227261082e-12 1.024260466227261082e-13
1.328689256555166086e-04 1.036610528759214446e-12 1.036610528759214471e-13
1.352792638307068510e-04 1.049109502676085462e-12 1.049109502676085513e-13
1.377333272794336607e-04 1.061759183482999755e-12 1.061759183482999856e-13
1.402319092097062685e-04 1.074561388334457430e-12 1.074561388334457505e-13
1.427758172188996622e-04 1.087517956295373387e-12 1.087517956295373463e-13
1.453658735547877794e-04 1.100630748605264188e-12 1.100630748605264213e-13
1.480029153813124945e-04 1.113901648945617221e-12 1.113901648945617297e-13
1.506877950491734852e-04 1.127332563710486202e-12 1.127332563710486252e-13
1.534213803713274735e-04 1.140925422280351972e-12 1.140925422280352073e-13
1.562045549034838505e-04 1.154682177299276272e-12 1.154682177299276423e-13
1.590382182296903044e-04 1.168604804955407852e-12 1.168604804955407953e-13
1.619232862530981172e-04 1.182695305264865570e-12 1.182695305264865570e-13
1.648606914920025914e-04 1.196955702359043500e-12 1.196955702359043601e-13
1.678513833812536669e-04 1.211388044775383904e-12 1.211388044775383904e-13
1.708963285791343582e-04 1.225994405751651982e-12 1.225994405751652033e-13
1.739965112798067871e-04 1.240776883523764314e-12 1.240776883523764415e-13
1.771529335314248792e-04 1.255737601627200870e-12 1.255737601627200870e-13
1.803666155600191362e-04 1.270878709202058562e-12 1.270878709202058511e-13
1.836385960992563198e-04 1.286202381301779238e-12 1.286202381301779339e-13
1.869699327261813843e-04 1.301710819205600400e-12 1.301710819205600501e-13
1.903617022030496973e-04 1.317406250734773061e-12 1.317406250734773162e-13
1.938150008253614130e-04 1.333290930572597037e-12 1.333290930572597188e-13
1.973309447762074456e-04 1.349367140588306583e-12 1.349367140588306735e-13
2.009106704870454679e-04 1.365637190164867172e-12 1.365637190164867323e-13
2.045553350050197193e-04 1.382103416530724795e-12 1.382103416530724795e-13
2.082661163669444833e-04 1.398768185095553445e-12 1.398768185095553597e-13
2.120442139800715001e-04 1.415633889790049849e-12 1.415633889790049849e-13
2.158908490097661583e-04 1.432702953409830367e-12 1.432702953409830518e-13
2.198072647742139248e-04 1.449977827963467445e-12 1.449977827963467495e-13
2.237947271462893944e-04 1.467460995024726580e-12 1.467460995024726731e-13
2.278545249627145111e-04 1.485154966089052289e-12 1.485154966089052339e-13
2.319879704406391566e-04 1.503062282934346889e-12 1.503062282934346889e-13
2.361963996017791157e-04 1.521185517986104906e-12 1.521185517986104956e-13
2.404811727042479468e-04 1.539527274686945708e-12 1.539527274686945860e-13
2.448436746822226472e-04 1.558090187870604162e-12 1.558090187870604162e-13
2.492853155935861723e-04 1.576876924140434220e-12 1.576876924140434220e-13
2.538075310756879202e-04 1.595890182252466043e-12 1.595890182252466144e-13
2.584117828093749963e-04 1.615132693503090975e-12 1.615132693503091177e-13
2.630995589914395991e-04 1.634607222121419397e-12 1.634607222121419397e-13
2.678723748156371857e-04 1.654316565666366401e-12 1.654316565666366553e-13
2.727317729624320316e-04 1.674263555428531912e-12 1.674263555428532113e-13
2.776793240976240863e-04 1.694451056836913643e-12 1.694451056836913744e-13
2.827166273800246353e-04 1.714881969870539717e-12 1.714881969870539717e-13
2.878453109783393857e-04 1.735559229475052652e-12 1.735559229475052854e-13
2.930670325974291416e-04 1.756485805984322879e-12 1.756485805984322980e-13
2.983834800141168804e-04 1.777664705547143271e-12 1.777664705547143423e-13
3.037963716227149173e-04 1.799098970559068727e-12 1.799098970559068878e-13
3.093074569904478554e-04 1.820791680099462370e-12 1.820791680099462521e-13
3.149185174229529767e-04 1.842745950373816251e-12 1.842745950373816251e-13
3.206313665400361028e-04 1.864964935161393382e-12 1.864964935161393533e-13
3.264478508618751519e-04 1.887451826268282190e-12 1.887451826268282190e-13
3.323698504058563048e-04 1.910209853985902371e-12 1.910209853985902573e-13
3.383992792942371757e-04 1.933242287555044727e-12 1.933242287555044828e-13
3.445380863728352895e-04 1.956552435635507406e-12 1.956552435635507457e-13
3.507882558409362622e-04 1.980143646781386285e-12 1.980143646781386386e-13
3.571518078926326717e-04 2.004019309922107963e-12 2.004019309922107963e-13
3.636307993697954948e-04 2.028182854849251806e-12 2.028182854849251806e-13
3.702273244268913213e-04 2.052637752709251917e-12 2.052637752709252119e-13
3.769435152078595285e-04 2.077387516502031953e-12 2.077387516502032003e-13
3.837815425352685862e-04 2.102435701585654361e-12 2.102435701585654563e-13
3.907436166119758166e-04 2.127785906187062000e-12 2.127785906187062000e-13
3.978319877355116743e-04 2.153441771918961008e-12 2.153441771918961008e-13
4.050489470254279960e-04 2.179406984302955190e-12 2.179406984302955190e-13
4.123968271638380617e-04 2.205685273298973918e-12 2.205685273298973968e-13
4.198780031493918740e-04 2.232280413841093722e-12 2.232280413841093924e-13
4.274948930649280499e-04 2.259196226379809305e-12 2.259196226379809356e-13
4.352499588590537545e-04 2.286436577430860204e-12 2.286436577430860103e-13
4.431457071418988970e-04 2.314005380130652684e-12 2.314005380130652987e-13
4.511846899953100018e-04 2.341906594798396009e-12 2.341906594798396009e-13
4.593695057977397367e-04 2.370144229505012470e-12 2.370144229505012470e-13
4.677028000641005436e-04 2.398722340648902753e-12 2.398722340648902652e-13
4.761872663008539673e-04 2.427645033538656304e-12 2.427645033538656304e-13
4.848256468766123689e-04 2.456916462982791531e-12 2.456916462982791430e-13
4.936207339085325321e-04 2.486540833886597308e-12 2.486540833886597611e-13
5.025753701647928118e-04 2.516522401856185657e-12 2.516522401856185859e-13
5.116924499834353936e-04 2.546865473809808514e-12 2.546865473809808615e-13
5.209749202078837451e-04 2.577574408596563381e-12 2.577574408596563482e-13
5.304257811394268553e-04 2.608653617622548448e-12 2.608653617622548347e-13
5.400480875069833256e-04 2.640107565484571000e-12 2.640107565484570899e-13
5.498449494544600021e-04 2.671940770611501167e-12 2.671940770611501369e-13
5.598195335460164242e-04 2.704157805913345777e-12 2.704157805913345777e-13
5.699750637895711902e-04 2.736763299438163044e-12 2.736763299438163347e-13
5.803148226788727932e-04 2.769761935036890408e-12 2.769761935036890710e-13
5.908421522544743875e-04 2.803158453036190124e-12 2.803158453036190528e-13
6.015604551839560726e-04 2.836957650919406320e-12 2.836957650919406320e-13
6.124731958617429372e-04 2.871164384015735692e-12 2.871164384015736096e-13
6.235839015288737255e-04 2.905783566197704740e-12 2.905783566197705043e-13
6.348961634130864760e-04 2.940820170587062199e-12 2.940820170587062502e-13
6.464136378895796783e-04 2.976279230269174301e-12 2.976279230269174402e-13
6.581400476628362266e-04 3.012165839016037985e-12 3.012165839016038389e-13
6.700791829698844347e-04 3.048485152018017465e-12 3.048485152018017566e-13
6.822349028053864258e-04 3.085242386624393833e-12 3.085242386624393833e-13
6.946111361689535349e-04 3.122442823092855719e-12 3.122442823092855920e-13
7.072118833350828299e-04 3.160091805348008969e-12 3.160091805348008969e-13
7.200412171461375915e-04 3.198194741749053167e-12 3.198194741749053571e-13
7.331032843287800613e-04 3.236757105866699306e-12 3.236757105866699407e-13
7.464023068342860202e-04 3.275784437269460300e-12 3.275784437269460401e-13
7.599425832031733588e-04 3.315282342319424983e-12 3.315282342319425286e-13
7.737284899545865619e-04 3.355256494977623047e-12 3.355256494977623249e-13
7.877644830008840139e-04 3.395712637619098443e-12 3.395712637619098746e-13
8.020550990878916233e-04 3.436656581857823729e-12 3.436656581857823729e-13
8.166049572612755266e-04 3.478094209381540182e-12 3.478094209381540182e-13
8.314187603595233917e-04 3.520031472796679978e-12 3.520031472796680382e-13
8.465012965340063802e-04 3.562474396483472636e-12 3.562474396483472939e-13
8.618574407966151903e-04 3.605429077461357285e-12 3.605429077461357285e-13
8.774921565954759599e-04 3.648901686264839709e-12 3.648901686264839911e-13
8.934104974192425951e-04 3.692898467829893512e-12 3.692898467829893815e-13
9.096176084304997099e-04 3.737425742391063752e-12 3.737425742391063752e-13
9.261187281287937756e-04 3.782489906389384495e-12 3.782489906389384798e-13
9.429191900438323041e-04 3.828097433391238347e-12 3.828097433391238448e-13
9.600244244593999967e-04 3.874254875018299718e-12 3.874254875018299718e-13
9.774399601685471867e-04 3.920968861888691063e-12 3.920968861888691366e-13
9.951714262606179383e-04 3.968246104569479747e-12 3.968246104569480050e-13
1.013224553940701971e-03 4.016093394540680304e-12 4.016093394540680506e-13
1.031605178382080700e-03 4.064517605170847736e-12 4.064517605170848039e-13
1.050319240612290154e-03 4.113525692704460549e-12 4.113525692704460751e-13
1.069372789433392429e-03 4.163124697261204207e-12 4.163124697261204611e-13
1.088771983377081467e-03 4.213321743847285872e-12 4.213321743847286074e-13
1.108523092695263721e-03 4.264124043378981547e-12 4.264124043378981749e-13
1.128632501386734937e-03 4.315538893718477042e-12 4.315538893718477143e-13
1.149106709260636983e-03 4.367573680722229732e-12 4.367573680722229732e-13
1.169952334037338082e-03 4.420235879301965020e-12 4.420235879301965424e-13
1.191176113487429694e-03 4.473533054498465824e-12 4.473533054498465925e-13
1.212784907609521998e-03 4.527472862568298875e-12 4.527472862568298976e-13
1.234785700847550313e-03 4.582063052083661208e-12 4.582063052083661611e-13
1.257185604348300210e-03 4.637311465045474452e-12 4.637311465045474250e-13
1.279991858259894866e-03 4.693226038009914358e-12 4.693226038009914964e-13
1.303211834071964139e-03 4.749814803228500751e-12 4.749814803228500953e-13
1.326853036998279023e-03 4.807085889801956319e-12 4.807085889801956521e-13
1.350923108402602834e-03 4.865047524847967535e-12 4.865047524847967535e-13
1.375429828268554065e-03 4.923708034683035927e-12 4.923708034683035927e-13
1.400381117714263489e-03 4.983075846018561037e-12 4.983075846018561441e-13
1.425785041552661211e-03 5.043159487171358676e-12 5.043159487171358676e-13
1.451649810898202270e-03 5.103967589288775178e-12 5.103967589288774976e-13
1.477983785820882528e-03 5.165508887588570559e-12 5.165508887588570761e-13
1.504795478048399004e-03 5.227792222613749888e-12 5.227792222613750090e-13
1.532093553717330447e-03 5.290826541502528675e-12 5.290826541502529281e-13
1.559886836174225692e-03 5.354620899273609177e-12 5.354620899273609177e-13
1.588184308827504014e-03 5.419184460126943716e-12 5.419184460126943918e-13
1.616995118051100340e-03 5.484526498760218483e-12 5.484526498760219290e-13
1.646328576140766459e-03 5.550656401701152305e-12 5.550656401701152708e-13
1.676194164324019444e-03 5.617583668655909293e-12 5.617583668655909697e-13
1.706601535824682665e-03 5.685317913873749753e-12 5.685317913873749955e-13
1.737560518983029484e-03 5.753868867528144730e-12 5.753868867528145336e-13
1.769081120432511658e-03 5.823246377114525454e-12 5.823246377114526262e-13
1.801173528334133050e-03 5.893460408864900320e-12 5.893460408864900926e-13
1.833848115669489080e-03 5.964521049179531662e-12 5.964521049179532066e-13
1.867115443593545497e-03 6.036438506075867799e-12 6.036438506075868203e-13
1.900986264848238084e-03 6.109223110654940396e-12 6.109223110654940396e-13
1.935471527238000243e-03 6.182885318585458959e-12 6.182885318585459766e-13
1.970582377168335862e-03 6.257435711605786649e-12 6.257435711605787456e-13
2.006330163248585402e-03 6.332884999044025216e-12 6.332884999044025418e-13
2.042726439960056151e-03 6.409244019356452191e-12 6.409244019356452191e-13
2.079782971390677169e-03 6.486523741684461400e-12 6.486523741684462208e-13
2.117511735037421426e-03 6.564735267430323453e-12 6.564735267430323655e-13
2.155924925677697290e-03 6.643889831851918874e-12 6.643889831851919480e-13
2.195034959310980700e-03 6.723998805676721772e-12 6.723998805676721974e-13
2.234854477171927933e-03 6.805073696735205281e-12 6.805073696735205886e-13
2.275396349816315947e-03 6.887126151613984630e-12 6.887126151613984832e-13
2.316673681281089699e-03 6.970167957328872333e-12 6.970167957328872939e-13
2.358699813319877717e-03 7.054211043018103168e-12 7.054211043018103976e-13
2.401488329715345971e-03 7.139267481655986638e-12 7.139267481655986638e-13
2.445053060669778646e-03 7.225349491787215532e-12 7.225349491787216138e-13
2.489408087275307453e-03 7.312469439282085827e-12 7.312469439282086433e-13
2.534567746065231886e-03 7.400639839112871095e-12 7.400639839112871700e-13
2.580546633647918392e-03 7.489873357151662402e-12 7.489873357151662806e-13
2.627359611424730408e-03 7.580182811989792460e-12 7.580182811989793066e-13
2.675021810393579148e-03 7.671581176779301227e-12 7.671581176779301631e-13
2.723548636039590902e-03 7.764081581096530204e-12 7.764081581096530406e-13
2.772955773314515846e-03 7.857697312828241256e-12 7.857697312828241256e-13
2.823259191706437455e-03 7.952441820080423109e-12 7.952441820080423109e-13
2.874475150401476463e-03 8.048328713110150676e-12 8.048328713110151484e-13
2.926620203539122191e-03 8.145371766280741135e-12 8.145371766280741741e-13
2.979711205562896904e-03 8.243584920040453970e-12 8.243584920040454576e-13
3.033765316668088786e-03 8.342982282925079074e-12 8.342982282925079882e-13
3.088800008348310377e-03 8.443578133584655267e-12 8.443578133584655469e-13
3.144833069042673145e-03 8.545386922834621339e-12 8.545386922834621541e-13
3.201882609885404844e-03 8.648423275731719497e-12 8.648423275731719901e-13
3.259967070559784911e-03 8.752701993674924266e-12 8.752701993674924670e-13
3.319105225258242760e-03 8.858238056531668242e-12 8.858238056531669050e-13
3.379316188750605687e-03 8.965046624789755693e-12 8.965046624789755895e-13
3.440619422562414542e-03 9.073143041735185321e-12 9.073143041735185321e-13
3.503034741265334626e-03 9.182542835656279634e-12 9.182542835656280038e-13
3.566582318881647215e-03 9.293261722074309946e-12 9.293261722074310350e-13
3.631282695404956275e-03 9.405315606001098448e-12 9.405315606001098448e-13
3.697156783439169495e-03 9.518720584223792848e-12 9.518720584223792848e-13
3.764225874957916832e-03 9.633492947617219071e-12 9.633492947617219879e-13
3.832511648186593626e-03 9.749649183484088308e-12 9.749649183484087904e-13
3.902036174609242649e-03 9.867205977923442902e-12 9.867205977923444114e-13
3.972821926102552796e-03 9.986180218227648055e-12 9.986180218227648459e-13
4.044891782199264672e-03 1.010658899530827668e-11 1.010658899530827668e-12
4.118269037483363558e-03 1.022844960615129619e-11 1.022844960615129578e-12
4.192977409119381244e-03 1.035177955630176067e-11 1.035177955630176027e-12
4.269041044518330323e-03 1.047659656237856928e-11 1.047659656237857050e-12
4.346484529142677876e-03 1.060291855461946505e-11 1.060291855461946464e-12
4.425332894452930696e-03 1.073076367945678645e-11 1.073076367945678766e-12
4.505611625998336145e-03 1.086015030212420920e-11 1.086015030212420880e-12
4.587346671654396989e-03 1.099109700929496773e-11 1.099109700929496935e-12
4.670564450009798835e-03 1.112362261175187300e-11 1.112362261175187462e-12
4.755291858905486696e-03 1.125774614708951773e-11 1.125774614708951894e-12
4.841556284128646290e-03 1.139348688244907440e-11 1.139348688244907481e-12
4.929385608264403792e-03 1.153086431728606103e-11 1.153086431728606225e-12
5.018808219708093335e-03 1.166989818617147195e-11 1.166989818617147195e-12
5.109853021841019582e-03 1.181060846162670187e-11 1.181060846162670267e-12
5.202549442372692186e-03 1.195301535699265253e-11 1.195301535699265414e-12
5.296927442852488940e-03 1.209713932933340001e-11 1.209713932933340163e-12
5.393017528353912654e-03 1.224300108237490571e-11 1.224300108237490652e-12
5.490850757334506116e-03 1.239062156947915715e-11 1.239062156947915876e-12
5.590458751674655218e-03 1.254002199665417484e-11 1.254002199665417525e-12
5.691873706898454774e-03 1.269122382560027615e-11 1.269122382560027615e-12
5.795128402580041437e-03 1.284424877679311312e-11 1.284424877679311393e-12
5.900256212938676664e-03 1.299911883260386240e-11 1.299911883260386281e-12
6.007291117626037923e-03 1.315585624045704053e-11 1.315585624045704134e-12
6.116267712709201436e-03 1.331448351602640024e-11 1.331448351602640024e-12
6.227221221852858798e-03 1.347502344646935045e-11 1.347502344646935206e-12
6.340187507704395618e-03 1.363749909370038298e-11 1.363749909370038298e-12
6.455203083485486389e-03 1.380193379770396160e-11 1.380193379770396160e-12
6.572305124794012438e-03 1.396835117988739526e-11 1.396835117988739526e-12
6.691531481620000520e-03 1.413677514647405085e-11 1.413677514647405166e-12
6.812920690579608342e-03 1.430722989193756484e-11 1.430722989193756605e-12
6.936511987371031529e-03 1.447973990247745743e-11 1.447973990247745783e-12
7.062345319456319291e-03 1.465432995953657759e-11 1.465432995953657880e-12
7.190461358973313302e-03 1.483102514336103638e-11 1.483102514336103719e-12
7.320901515881777719e-03 1.500985083660305186e-11 1.500985083660305186e-12
7.453707951348025051e-03 1.519083272796720648e-11 1.519083272796720729e-12
7.588923591372343479e-03 1.537399681590068722e-11 1.537399681590068884e-12
7.726592140663636997e-03 1.555936941232802543e-11 1.555936941232802543e-12
7.866758096765761807e-03 1.574697714643086630e-11 1.574697714643086670e-12
8.009466764440122122e-03 1.593684696847328825e-11 1.593684696847328947e-12
8.154764270309177929e-03 1.612900615367329256e-11 1.612900615367329378e-12
8.302697577765621312e-03 1.632348230612095109e-11 1.632348230612095109e-12
8.453314502151946727e-03 1.652030336274376798e-11 1.652030336274376798e-12
8.606663726215459803e-03 1.671949759731987890e-11 1.671949759731987930e-12
8.762794815843653884e-03 1.692109362453970814e-11 1.692109362453970895e-12
8.921758236084957258e-03 1.712512040411643268e-11 1.712512040411643349e-12
9.083605367460194022e-03 1.733160724494617720e-11 1.733160724494617761e-12
9.248388522569903764e-03 1.754058380931827617e-11 1.754058380931827658e-12
9.416160963002948026e-03 1.775208011717634290e-11 1.775208011717634290e-12
9.586976916551836689e-03 1.796612655043068517e-11 1.796612655043068638e-12
9.760891594740360097e-03 1.818275385732273315e-11 1.818275385732273395e-12
9.937961210669182116e-03 1.840199315684210626e-11 1.840199315684210545e-12
1.011824299718517076e-02 1.862387594319690726e-11 1.862387594319690888e-12
1.030179522538033320e-02 1.884843409033794786e-11 1.884843409033794786e-12
1.048867722342633133e-02 1.907569985653752938e-11 1.907569985653753181e-12
1.067894939575065628e-02 1.930570588902335063e-11 1.930570588902335143e-12
1.087267324256069138e-02 1.953848522866841834e-11 1.953848522866841914e-12
1.106991137972197434e-02 1.977407131473742897e-11 1.977407131473742978e-12
1.127072755899700095e-02 2.001249798969036482e-11 2.001249798969036563e-12
1.147518668865124027e-02 2.025379950404406714e-11 2.025379950404406875e-12
1.168335485443292368e-02 2.049801052129237103e-11 2.049801052129237022e-12
1.189529934093345488e-02 2.074516612288563904e-11 2.074516612288564066e-12
1.211108865333524777e-02 2.099530181327022657e-11 2.099530181327022657e-12
1.233079253955415497e-02 2.124845352498881934e-11 2.124845352498881854e-12
1.255448201278356636e-02 2.150465762384221494e-11 2.150465762384221575e-12
1.278222937444740276e-02 2.176395091411333025e-11 2.176395091411333106e-12
1.301410823756961148e-02 2.202637064385424268e-11 2.202637064385424429e-12
1.325019355056748435e-02 2.229195451023694040e-11 2.229195451023694201e-12
1.349056162147668249e-02 2.256074066496860243e-11 2.256074066496860405e-12
1.373529014261569078e-02 2.283276771977218072e-11 2.283276771977218395e-12
1.398445821569770792e-02 2.310807475193306941e-11 2.310807475193307103e-12
1.423814637739806259e-02 2.338670130991259808e-11 2.338670130991260131e-12
1.449643662538552431e-02 2.366868741902934725e-11 2.366868741902935048e-12
1.475941244482569664e-02 2.395407358720877102e-11 2.395407358720877425e-12
1.502715883536532952e-02 2.424290081080230599e-11 2.424290081080230680e-12
1.529976233860609429e-02 2.453521058047657740e-11 2.453521058047657982e-12
1.557731106607675511e-02 2.483104488717361664e-11 2.483104488717361826e-12
1.585989472771276096e-02 2.513044622814294994e-11 2.513044622814294994e-12
1.614760466085257001e-02 2.543345761304647880e-11 2.543345761304648122e-12
1.644053385975980178e-02 2.574012257013681157e-11 2.574012257013681318e-12
1.673877700568113594e-02 2.605048515251026418e-11 2.605048515251026660e-12
1.704243049744937413e-02 2.636458994443517314e-11 2.636458994443517314e-12
1.735159248264169993e-02 2.668248206775650944e-11 2.668248206775651105e-12
1.766636288930315685e-02 2.700420718837773041e-11 2.700420718837773364e-12
1.798684345824560354e-02 2.732981152282079381e-11 2.732981152282079623e-12
1.831313777593268979e-02 2.765934184486530968e-11 2.765934184486531049e-12
1.864535130796119225e-02 2.799284549226760252e-11 2.799284549226760575e-12
1.898359143314992670e-02 2.833037037356093070e-11 2.833037037356093312e-12
1.932796747824696085e-02 2.867196497493769062e-11 2.867196497493769305e-12
1.967859075326643808e-02 2.901767836721450365e-11 2.901767836721450607e-12
2.003557458746645786e-02 2.936756021288135878e-11 2.936756021288135878e-12
2.039903436597968744e-02 2.972166077323581282e-11 2.972166077323581444e-12
2.076908756710828599e-02 3.008003091560302018e-11 3.008003091560302341e-12
2.114585380029558939e-02 3.044272212064301411e-11 3.044272212064301573e-12
2.152945484478654276e-02 3.080978648974597603e-11 3.080978648974597845e-12
2.192001468898945385e-02 3.118127675251676601e-11 3.118127675251676601e-12
2.231765957055180730e-02 3.155724627434958373e-11 3.155724627434958454e-12
2.272251801716308056e-02 3.193774906409405859e-11 3.193774906409406182e-12
2.313472088809782543e-02 3.232283978181377741e-11 3.232283978181377741e-12
2.355440141651219538e-02 3.271257374663825112e-11 3.271257374663825435e-12
2.398169525250792855e-02 3.310700694470964539e-11 3.310700694470964862e-12
2.441674050697749399e-02 3.350619603722534785e-11 3.350619603722534785e-12
2.485967779624458432e-02 3.391019836857747055e-11 3.391019836857747297e-12
2.531065028751444332e-02 3.431907197459041860e-11 3.431907197459042183e-12
2.576980374514877339e-02 3.473287559085803704e-11 3.473287559085803785e-12
2.623728657777990581e-02 3.515166866118091131e-11 3.515166866118091293e-12
2.671324988627985300e-02 3.557551134610571457e-11 3.557551134610571457e-12
2.719784751259946703e-02 3.600446453156736456e-11 3.600446453156736537e-12
2.769123608949358023e-02 3.643858983763544400e-11 3.643858983763544400e-12
2.819357509114821594e-02 3.687794962736607358e-11 3.687794962736607197e-12
2.870502688472615152e-02 3.732260701576039431e-11 3.732260701576039270e-12
2.922575678284773659e-02 3.777262587883139116e-11 3.777262587883139600e-12
2.975593309702343967e-02 3.822807086277958785e-11 3.822807086277959269e-12
3.029572719205598716e-02 3.868900739327974546e-11 3.868900739327974869e-12
3.084531354142927562e-02 3.915550168487939840e-11 3.915550168487940163e-12
3.140486978370206350e-02 3.962762075051065595e-11 3.962762075051065433e-12
3.197457677992471964e-02 4.010543241111684624e-11 4.010543241111684463e-12
3.255461867209764187e-02 4.058900530539511414e-11 4.058900530539511737e-12
3.314518294268986587e-02 4.107840889965644643e-11 4.107840889965644966e-12
3.374646047523772313e-02 4.157371349780475936e-11 4.157371349780476097e-12
3.435864561604263373e-02 4.207499025143618585e-11 4.207499025143619070e-12
3.498193623698810789e-02 4.258231117006008748e-11 4.258231117006008587e-12
3.561653379949641235e-02 4.309574913144348445e-11 4.309574913144348445e-12
3.626264341964532956e-02 4.361537789208002139e-11 4.361537789208002300e-12
3.692047393446636766e-02 4.414127209778535617e-11 4.414127209778536102e-12
3.759023796944538365e-02 4.467350729442004437e-11 4.467350729442005083e-12
3.827215200724797678e-02 4.521215993874201961e-11 4.521215993874202607e-12
3.896643645769148206e-02 4.575730740938963283e-11 4.575730740938963768e-12
3.967331572898635111e-02 4.630902801799738933e-11 4.630902801799739418e-12
4.039301830026985340e-02 4.686740102044549527e-11 4.686740102044549689e-12
4.112577679545575265e-02 4.743250662824526852e-11 4.743250662824527014e-12
4.187182805842334932e-02 4.800442602006151261e-11 4.800442602006151261e-12
4.263141322957082063e-02 4.858324135337414773e-11 4.858324135337415258e-12
4.340477782375713744e-02 4.916903577628026865e-11 4.916903577628027350e-12
4.419217180965797492e-02 4.976189343943855521e-11 4.976189343943856167e-12
4.499384969056111072e-02 5.036189950815770268e-11 5.036189950815770268e-12
4.581007058662755344e-02 5.096914017463057818e-11 5.096914017463058464e-12
4.664109831864511613e-02 5.158370267031604166e-11 5.158370267031604489e-12
4.748720149330092066e-02 5.220567527846973696e-11 5.220567527846974343e-12
4.834865359000121987e-02 5.283514734682632163e-11 5.283514734682632809e-12
4.922573304926601556e-02 5.347220930043441483e-11 5.347220930043441806e-12
5.011872336272724798e-02 5.411695265464635737e-11 5.411695265464636060e-12
5.102791316475952660e-02 5.476947002826459965e-11 5.476947002826460288e-12
5.195359632577342679e-02 5.542985515684665620e-11 5.542985515684665782e-12
5.289607204720064848e-02 5.609820290617030074e-11 5.609820290617030397e-12
5.385564495820276826e-02 5.677460928586130204e-11 5.677460928586130527e-12
5.483262521413416468e-02 5.745917146318547812e-11 5.745917146318548459e-12
5.582732859679109122e-02 5.815198777700688437e-11 5.815198777700688760e-12
5.684007661647944715e-02 5.885315775191449451e-11 5.885315775191450098e-12
5.787119661593396330e-02 5.956278211251901585e-11 5.956278211251901908e-12
5.892102187612294900e-02 6.028096279792244305e-11 6.028096279792244628e-12
5.998989172397176106e-02 6.100780297636150083e-11 6.100780297636150406e-12
6.107815164204104946e-02 6.174340706002821961e-11 6.174340706002821961e-12
6.218615338019438388e-02 6.248788072006890426e-11 6.248788072006890749e-12
6.331425506929165559e-02 6.324133090176406161e-11 6.324133090176406484e-12
6.446282133694483663e-02 6.400386583989119943e-11 6.400386583989119943e-12
6.563222342537411436e-02 6.477559507427330159e-11 6.477559507427330482e-12
6.682283931140114985e-02 6.555662946551403938e-11 6.555662946551404099e-12
6.803505382861996242e-02 6.634708121092344096e-11 6.634708121092344096e-12
6.926925879178356948e-02 6.714706386063520840e-11 6.714706386063521002e-12
7.052585312344734902e-02 6.795669233391839624e-11 6.795669233391839624e-12
7.180524298290962004e-02 6.877608293568589435e-11 6.877608293568589597e-12
7.310784189749136575e-02 6.960535337320174448e-11 6.960535337320174933e-12
7.443407089619773209e-02 7.044462277299035336e-11 7.044462277299035982e-12
7.578435864580357340e-02 7.129401169794888211e-11 7.129401169794888211e-12
7.715914158940838374e-02 7.215364216466663759e-11 7.215364216466663921e-12
7.855886408750438477e-02 7.302363766095292618e-11 7.302363766095292618e-12
7.998397856160370523e-02 7.390412316357639436e-11 7.390412316357639113e-12
8.143494564047108752e-02 7.479522515621816969e-11 7.479522515621816646e-12
8.291223430900959701e-02 7.569707164764163257e-11 7.569707164764164227e-12
8.441632205984661574e-02 7.660979219008099022e-11 7.660979219008099022e-12
8.594769504767031665e-02 7.753351789785180649e-11 7.753351789785180649e-12
8.750684824636573156e-02 7.846838146618593029e-11 7.846838146618593352e-12
8.909428560900123362e-02 7.941451719029338161e-11 7.941451719029338484e-12
9.071052023071750348e-02 8.037206098465416801e-11 8.037206098465416801e-12
9.235607451457113204e-02 8.134115040254268094e-11 8.134115040254268740e-12
9.403148034038738556e-02 8.232192465578768352e-11 8.232192465578768352e-12
9.573727923667499362e-02 8.331452463477013854e-11 8.331452463477014823e-12
9.747402255566063600e-02 8.431909292866253442e-11 8.431909292866254412e-12
9.924227165149820951e-02 8.533577384591226829e-11 8.533577384591226829e-12
1.010425980617109670e-01 8.636471343497165806e-11 8.636471343497165483e-12
1.028755836919250516e-01 8.740605950527815080e-11 8.740605950527815080e-12
1.047418210039548631e-01 8.845996164848779063e-11 8.845996164848780033e-12
1.066419132072992382e-01 8.952657125996392341e-11 8.952657125996392664e-12
1.085764744541126287e-01 9.060604156052573961e-11 9.060604156052574607e-12
1.105461300377127004e-01 9.169852761845874910e-11 9.169852761845875556e-12
1.125515165946890245e-01 9.280418637179067748e-11 9.280418637179069041e-12
1.145932823106782378e-01 9.392317665083593764e-11 9.392317665083594411e-12
1.166720871298719542e-01 9.505565920101189477e-11 9.505565920101190769e-12
1.187886029683259681e-01 9.620179670593054371e-11 9.620179670593055663e-12
1.209435139311376972e-01 9.736175381076808029e-11 9.736175381076808029e-12
1.231375165335647642e-01 9.853569714591661871e-11 9.853569714591662518e-12
1.253713199261540512e-01 9.972379535092111830e-11 9.972379535092112476e-12
1.276456461239550699e-01 1.009262190987047506e-10 1.009262190987047539e-11
1.299612302398910624e-01 1.021431411200863649e-10 1.021431411200863682e-11
1.323188207223644774e-01 1.033747362285939419e-10 1.033747362285939516e-11
1.347191795971714734e-01 1.046211813455765692e-10 1.046211813455765756e-11
1.371630827138059505e-01 1.058826555256197854e-10 1.058826555256197983e-11
1.396513199962314822e-01 1.071593399822670976e-10 1.071593399822671041e-11
1.421846956982022181e-01 1.084514181140517683e-10 1.084514181140517780e-11
1.447640286632157491e-01 1.097590755308424537e-10 1.097590755308424634e-11
1.473901525891812558e-01 1.110825000805062204e-10 1.110825000805062301e-11
1.500639162978899821e-01 1.124218818758937746e-10 1.124218818758937746e-11
1.527861840093724666e-01 1.137774133221490758e-10 1.137774133221490791e-11
1.555578356212342361e-01 1.151492891443490343e-10 1.151492891443490376e-11
1.583797669930582241e-01 1.165377064154762001e-10 1.165377064154762001e-11
1.612528902359665617e-01 1.179428645847286315e-10 1.179428645847286412e-11
1.641781340074350837e-01 1.193649655061712349e-10 1.193649655061712349e-11
1.671564438114566675e-01 1.208042134677327747e-10 1.208042134677327779e-11
1.701887823041484116e-01 1.222608152205518760e-10 1.222608152205518857e-11
1.732761296049040167e-01 1.237349800086775393e-10 1.237349800086775426e-11
1.764194836131901256e-01 1.252269195991274625e-10 1.252269195991274722e-11
1.796198603310897035e-01 1.267368483123088996e-10 1.267368483123088996e-11
1.828782941916965721e-01 1.282649830528060656e-10 1.282649830528060688e-11
1.861958383934669281e-01 1.298115433405390470e-10 1.298115433405390534e-11
1.895735652406375371e-01 1.313767513422987707e-10 1.313767513422987740e-11
1.930125664898169890e-01 1.329608319036608471e-10 1.329608319036608535e-11
1.965139537028667005e-01 1.345640125812858866e-10 1.345640125812858898e-11
2.000788586061822139e-01 1.361865236756081531e-10 1.361865236756081628e-11
2.037084334564924215e-01 1.378285982639188850e-10 1.378285982639188850e-11
2.074038514132943989e-01 1.394904722338482395e-10 1.394904722338482427e-11
2.111663069180456098e-01 1.411723843172513157e-10 1.411723843172513190e-11
2.149970160802326391e-01 1.428745761245021837e-10 1.428745761245021934e-11
2.188972170704458209e-01 1.445972921792019177e-10 1.445972921792019242e-11
2.228681705205832753e-01 1.463407799533049242e-10 1.463407799533049177e-11
2.269111599313153593e-01 1.481052899026688381e-10 1.481052899026688575e-11
2.310274920869405668e-01 1.498910755030331058e-10 1.498910755030331188e-11
2.352184974777672133e-01 1.516983932864311652e-10 1.516983932864311781e-11
2.394855307301584357e-01 1.535275028780421691e-10 1.535275028780421885e-11
2.438299710443762036e-01 1.553786670334863879e-10 1.553786670334863879e-11
2.482532226403706133e-01 1.572521516765706241e-10 1.572521516765706434e-11
2.527567152116547700e-01 1.591482259374891190e-10 1.591482259374891384e-11
2.573419043874135559e-01 1.610671621914842169e-10 1.610671621914842105e-11
2.620102722029953313e-01 1.630092360979739725e-10 1.630092360979739661e-11
2.667633275789396685e-01 1.649747266401514065e-10 1.649747266401514195e-11
2.716026068086926371e-01 1.669639161650604757e-10 1.669639161650604886e-11
2.765296740551721477e-01 1.689770904241563831e-10 1.689770904241563767e-11
2.815461218563398704e-01 1.710145386143541577e-10 1.710145386143541513e-11
2.866535716399452038e-01 1.730765534195724819e-10 1.730765534195725013e-11
2.918536742476063872e-01 1.751634310527781967e-10 1.751634310527781967e-11
2.971481104684006169e-01 1.772754712985386179e-10 1.772754712985386179e-11
3.025385915821307559e-01 1.794129775560853082e-10 1.794129775560853276e-11
3.080268599124502127e-01 1.815762568828986376e-10 1.815762568828986376e-11
3.136146893900205734e-01 1.837656200388170601e-10 1.837656200388170794e-11
3.193038861258854499e-01 1.859813815306786553e-10 1.859813815306786617e-11
3.250962889952460078e-01 1.882238596575004673e-10 1.882238596575004738e-11
3.309937702318257458e-01 1.904933765562028775e-10 1.904933765562029033e-11
3.369982360330199822e-01 1.927902582478858357e-10 1.927902582478858357e-11
3.431116271760188408e-01 1.951148346846615782e-10 1.951148346846615847e-11
3.493359196451113480e-01 1.974674397970536275e-10 1.974674397970536340e-11
3.556731252703672630e-01 1.998484115419664178e-10 1.998484115419664243e-11
3.621252923779053057e-01 2.022580919512337399e-10 2.022580919512337464e-11
3.686945064519573378e-01 2.046968271807519259e-10 2.046968271807519453e-11
3.753828908089451022e-01 2.071649675602067675e-10 2.071649675602067869e-11
3.821926072837810717e-01 2.096628676433980735e-10 2.096628676433980929e-11
3.891258569286230040e-01 2.121908862591727729e-10 2.121908862591727729e-11
3.961848807243030790e-01 2.147493865629714244e-10 2.147493865629714244e-11
4.033719603046623248e-01 2.173387360889960420e-10 2.173387360889960614e-11
4.106894186940260316e-01 2.199593068030073794e-10 2.199593068030074052e-11
4.181396210580564099e-01 2.226114751557585739e-10 2.226114751557585868e-11
4.257249754682282950e-01 2.252956221370733720e-10 2.252956221370733720e-11
4.334479336801693727e-01 2.280121333305756295e-10 2.280121333305756295e-11
4.413109919261236636e-01 2.307613989690796006e-10 2.307613989690796070e-11
4.493166917217892298e-01 2.335438139906477863e-10 2.335438139906477992e-11
4.574676206877924534e-01 2.363597780953244615e-10 2.363597780953244873e-11
4.657664133860643929e-01 2.392096958025534606e-10 2.392096958025534799e-11
4.742157521713917800e-01 2.420939765092888561e-10 2.420939765092888755e-11
4.828183680584109960e-01 2.450130345488046573e-10 2.450130345488046638e-11
4.915770416043349633e-01 2.479672892502157795e-10 2.479672892502157989e-11
5.004946038076903969e-01 2.509571649987147328e-10 2.509571649987147522e-11
5.095739370233599574e-01 2.539830912965360737e-10 2.539830912965360801e-11
5.188179758942234043e-01 2.570455028246551865e-10 2.570455028246552124e-11
5.282297082996992854e-01 2.601448395052309074e-10 2.601448395052309268e-11
5.378121763214958051e-01 2.632815465648019160e-10 2.632815465648019160e-11
5.475684772268768485e-01 2.664560745982438235e-10 2.664560745982438429e-11
5.575017644697695118e-01 2.696688796334983822e-10 2.696688796334983887e-11
5.676152487100305510e-01 2.729204231970830363e-10 2.729204231970830492e-11
5.779121988512028185e-01 2.762111723803901715e-10 2.762111723803901779e-11
5.883959430970971960e-01 2.795415999067855252e-10 2.795415999067855510e-11
5.990698700275449706e-01 2.829121841995166125e-10 2.829121841995166319e-11
6.099374296936584949e-01 2.863234094504385109e-10 2.863234094504385173e-11
6.210021347329671704e-01 2.897757656895696677e-10 2.897757656895696806e-11
6.322675615047794739e-01 2.932697488554851262e-10 2.932697488554851391e-11
6.437373512461419534e-01 2.968058608665601435e-10 2.968058608665601306e-11
6.554152112487685589e-01 3.003846096930709756e-10 3.003846096930709885e-11
6.673049160573186755e-01 3.040065094301662690e-10 3.040065094301662690e-11
6.794103086894174304e-01 3.076720803717184699e-10 3.076720803717184699e-11
6.917353018778001905e-01 3.113818490850642971e-10 3.113818490850643230e-11
7.042838793349980309e-01 3.151363484866477206e-10 3.151363484866477465e-11
7.170600970409612973e-01 3.189361179185745966e-10 3.189361179185746354e-11
7.300680845540430397e-01 3.227817032260903848e-10 3.227817032260904107e-11
7.433120463457636440e-01 3.266736568359917002e-10 3.266736568359917002e-11
7.567962631597925371e-01 3.306125378359845222e-10 3.306125378359845610e-11
7.705250933955757331e-01 3.345989120549971762e-10 3.345989120549971892e-11
7.845029745170700730e-01 3.386333521444634952e-10 3.386333521444635340e-11
7.987344244870308030e-01 3.427164376605857247e-10 3.427164376605857635e-11
8.132240432273165620e-01 3.468487551475884422e-10 3.468487551475884422e-11
8.279765141056877331e-01 3.510308982219775523e-10 3.510308982219776040e-11
8.429966054495738881e-01 3.552634676578138192e-10 3.552634676578138321e-11
8.582891720873071506e-01 3.595470714730166522e-10 3.595470714730166652e-11
8.738591569173056461e-01 3.638823250167058488e-10 3.638823250167058875e-11
8.897115925057318409e-01 3.682698510575984566e-10 3.682698510575985083e-11
9.058516027131294779e-01 3.727102798734708910e-10 3.727102798734709298e-11
9.222844043505693534e-01 3.772042493416997458e-10 3.772042493416997458e-11
9.390153088658379499e-01 3.817524050308939670e-10 3.817524050308939670e-11
9.560497240602197078e-01 3.863554002936331213e-10 3.863554002936331472e-11
9.733931558364132819e-01 3.910138963603216349e-10 3.910138963603216866e-11
9.910512099781653150e-01 3.957285624341767348e-10 3.957285624341767607e-11
1.009029593962184723e+00 4.005000757873609501e-10 4.005000757873609889e-11
1.027334118802925245e+00 4.053291218582736993e-10 4.053291218582737381e-11
1.045970700930835662e+00 4.102163943500157172e-10 4.102163943500157301e-11
1.064945364104680658e+00 4.151625953300413643e-10 4.151625953300413643e-11
1.084264241358558367e+00 4.201684353310127781e-10 4.201684353310127781e-11
1.103933576984227116e+00 4.252346334528679118e-10 4.252346334528679247e-11
1.123959728549403625e+00 4.303619174661219514e-10 4.303619174661219902e-11
1.144349168952670581e+00 4.355510239164129153e-10 4.355510239164129411e-11
1.165108488515660401e+00 4.408026982303081360e-10 4.408026982303081360e-11
1.186244397113194182e+00 4.461176948223857889e-10 4.461176948223858277e-11
1.207763726342066413e+00 4.514967772036097183e-10 4.514967772036097183e-11
1.229673431729163546e+00 4.569407180910077958e-10 4.569407180910078087e-11
1.251980594979648531e+00 4.624502995186750611e-10 4.624502995186750611e-11
1.274692426265924716e+00 4.680263129501147237e-10 4.680263129501147367e-11
1.297816266558128095e+00 4.736695593919343447e-10 4.736695593919343705e-11
1.321359589996885964e+00 4.793808495089105373e-10 4.793808495089105373e-11
1.345330006309130688e+00 4.851610037404440550e-10 4.851610037404440550e-11
1.369735263267730652e+00 4.910108524184171055e-10 4.910108524184171314e-11
1.394583249195745056e+00 4.969312358864731051e-10 4.969312358864731309e-11
1.419881995516103945e+00 5.029230046207328324e-10 5.029230046207328582e-11
1.445639679347544559e+00 5.089870193519679708e-10 5.089870193519679708e-11
1.471864626147636912e+00 5.151241511892467226e-10 5.151241511892467743e-11
1.498565312403759231e+00 5.213352817450707255e-10 5.213352817450707513e-11
1.525750368372885246e+00 5.276213032620199204e-10 5.276213032620199204e-11
1.553428580871077935e+00 5.339831187409265650e-10 5.339831187409266038e-11
1.581608896113579465e+00 5.404216420705909062e-10 5.404216420705909192e-11
1.610300422606440796e+00 5.469377981590675643e-10 5.469377981590675902e-11
1.639512434090574899e+00 5.535325230665254219e-10 5.535325230665254348e-11
1.669254372539249021e+00 5.602067641397181367e-10 5.602067641397181755e-11
1.699535851209937443e+00 5.669614801480714826e-10 5.669614801480714826e-11
1.730366657751541526e+00 5.737976414214129537e-10 5.737976414214130054e-11
1.761756757367974879e+00 5.807162299893617276e-10 5.807162299893617405e-11
1.793716296039139957e+00 5.877182397223992520e-10 5.877182397223992261e-11
1.826255603800335248e+00 5.948046764746410322e-10 5.948046764746411098e-11
1.859385198081152213e+00 6.019765582283296779e-10 6.019765582283297037e-11
1.893115787104943770e+00 6.092349152400709227e-10 6.092349152400709227e-11
1.927458273349959894e+00 6.165807901888311253e-10 6.165807901888311770e-11
1.962423757073272101e+00 6.240152383257209631e-10 6.240152383257210406e-11
1.998023539898620138e+00 6.315393276255842413e-10 6.315393276255842413e-11
2.034269128469364585e+00 6.391541389404174592e-10 6.391541389404174334e-11
2.071172238167665824e+00 6.468607661546318179e-10 6.468607661546318696e-11
2.108744796901174112e+00 6.546603163421955132e-10 6.546603163421954874e-11
2.146998948958389608e+00 6.625539099256665492e-10 6.625539099256665234e-11
2.185947058933968012e+00 6.705426808371433711e-10 6.705426808371433452e-11
2.225601715725233465e+00 6.786277766811579236e-10 6.786277766811578978e-11
2.265975736601190338e+00 6.868103588995300595e-10 6.868103588995300854e-11
2.307082171345348875e+00 6.950916029382122467e-10 6.950916029382122984e-11
2.348934306473709821e+00 7.034726984161451522e-10 7.034726984161451522e-11
2.391545669529258511e+00 7.119548492961475733e-10 7.119548492961475733e-11
2.434930033454370868e+00 7.205392740578701840e-10 7.205392740578701840e-11
2.479101421042534170e+00 7.292272058728315027e-10 7.292272058728315027e-11
2.524074109470821892e+00 7.380198927815654439e-10 7.380198927815655215e-11
2.569862634914615640e+00 7.469185978729082703e-10 7.469185978729083220e-11
2.616481797245991725e+00 7.559245994654393160e-10 7.559245994654393677e-11
2.663946664817387511e+00 7.650391912911171502e-10 7.650391912911171502e-11
2.712272579332026812e+00 7.742636826811263816e-10 7.742636826811263816e-11
2.761475160802697726e+00 7.835993987539664319e-10 7.835993987539664578e-11
2.811570312600490507e+00 7.930476806058065781e-10 7.930476806058066556e-11
2.862574226595121285e+00 8.026098855031390048e-10 8.026098855031390824e-11
2.914503388388504312e+00 8.122873870777515826e-10 8.122873870777516084e-11
2.967374582643267367e+00 8.220815755240537672e-10 8.220815755240538706e-11
3.021204898507928949e+00 8.319938577987813674e-10 8.319938577987814191e-11
3.076011735140490533e+00 8.420256578231086153e-10 8.420256578231086411e-11
3.131812807332233106e+00 8.521784166871974202e-10 8.521784166871974719e-11
3.188626151233525885e+00 8.624535928572122422e-10 8.624535928572122681e-11
3.246470130183539027e+00 8.728526623848367726e-10 8.728526623848367726e-11
3.305363440645643802e+00 8.833771191193045198e-10 8.833771191193045457e-11
3.365325118250553693e+00 8.940284749219989289e-10 8.940284749219989548e-11
3.426374543949056939e+00 9.048082598836336839e-10 9.048082598836337097e-11
3.488531450276372237e+00 9.157180225440538280e-10 9.157180225440538797e-11
3.551815927730143763e+00 9.267593301146873783e-10 9.267593301146873783e-11
3.616248431264138752e+00 9.379337687036780392e-10 9.379337687036780650e-11
3.681849786899743737e+00 9.492429435437337558e-10 9.492429435437338075e-11
3.748641198457398627e+00 9.606884792227213015e-10 9.606884792227213015e-11
3.816644254410144210e+00 9.722720199170423631e-10 9.722720199170424147e-11
3.885880934861498659e+00 9.839952296278228665e-10 9.839952296278229441e-11
3.956373618649916768e+00 9.958597924199505972e-10 9.958597924199506231e-11
4.028145090582119892e+00 1.007867412663993269e-09 1.007867412663993269e-10
4.101218548797688435e+00 1.020019815281040675e-09 1.020019815281040752e-10
4.175617612267164880e+00 1.032318745990484989e-09 1.032318745990485015e-10
4.251366328426269270e+00 1.044765971560803313e-09 1.044765971560803390e-10
4.328489180948554171e+00 1.057363280063355922e-09 1.057363280063355974e-10
4.407011097659075283e+00 1.070112481129245904e-09 1.070112481129246007e-10
4.486957458591619208e+00 1.083015406209278863e-09 1.083015406209278966e-10
4.568354104192099641e+00 1.096073908837052266e-09 1.096073908837052266e-10
4.651227343670758962e+00 1.109289864895222190e-09 1.109289864895222242e-10
4.735603963505899294e+00 1.122665172884975816e-09 1.122665172884975816e-10
4.821511236101861719e+00 1.136201754198755973e-09 1.136201754198756076e-10
4.908976928604081635e+00 1.149901553396273736e-09 1.149901553396273839e-10
4.998029311874043756e+00 1.163766538483849382e-09 1.163766538483849382e-10
5.088697169627049988e+00 1.177798701197117709e-09 1.177798701197117709e-10
5.181009807735794226e+00 1.192000057287151660e-09 1.192000057287151608e-10
5.274997063702613787e+00 1.206372646810022076e-09 1.206372646810022179e-10
5.370689316303677074e+00 1.220918534419859924e-09 1.220918534419859873e-10
5.468117495408070461e+00 1.235639809665448111e-09 1.235639809665448111e-10
5.567313091975018224e+00 1.250538587290390024e-09 1.250538587290390075e-10
5.668308168232470301e+00 1.265617007536896160e-09 1.265617007536896212e-10
5.771135368040320124e+00 1.280877236453235375e-09 1.280877236453235375e-10
5.875827927441634735e+00 1.296321466204892103e-09 1.296321466204892258e-10
5.982419685405280241e+00 1.311951915389476496e-09 1.311951915389476599e-10
6.090945094763431378e+00 1.327770829355429467e-09 1.327770829355429416e-10
6.201439233347500135e+00 1.343780480524573288e-09 1.343780480524573288e-10
6.313937815326063685e+00 1.359983168718549113e-09 1.359983168718549113e-10
6.428477202748475783e+00 1.376381221489190435e-09 1.376381221489190486e-10
6.545094417297936396e+00 1.392976994452887063e-09 1.392976994452887166e-10
6.663827152257652209e+00 1.409772871628965278e-09 1.409772871628965278e-10
6.784713784694195837e+00 1.426771265782162937e-09 1.426771265782163092e-10
6.907793387861814516e+00 1.443974618769228488e-09 1.443974618769228488e-10
7.033105743831780998e+00 1.461385401889697664e-09 1.461385401889697819e-10
7.160691356350840309e+00 1.479006116240901412e-09 1.479006116240901412e-10
7.290591463932930338e+00 1.496839293077254892e-09 1.496839293077254892e-10
7.422848053188380923e+00 1.514887494173876561e-09 1.514887494173876664e-10
7.557503872394929267e+00 1.533153312194592971e-09 1.533153312194593075e-10
7.694602445314911776e+00 1.551639371064381804e-09 1.551639371064381907e-10
7.834188085263117607e+00 1.570348326346303391e-09 1.570348326346303597e-10
7.976305909429834529e+00 1.589282865622977802e-09 1.589282865622977802e-10
8.121001853463720721e+00 1.608445708882661676e-09 1.608445708882661676e-10
8.268322686319290682e+00 1.627839608909986424e-09 1.627839608909986475e-10
8.418316025373586697e+00 1.647467351681392125e-09 1.647467351681392280e-10
8.571030351817247706e+00 1.667331756765345218e-09 1.667331756765345373e-10
8.726515026324682012e+00 1.687435677727373694e-09 1.687435677727373694e-10
8.884820305008551244e+00 1.707782002539990510e-09 1.707782002539990665e-10
9.045997355663658368e+00 1.728373653997554235e-09 1.728373653997554442e-10
9.210098274305519084e+00 1.749213590136136215e-09 1.749213590136136266e-10
9.377176102008959901e+00 1.770304804658449659e-09 1.770304804658449866e-10
9.547284842052171427e+00 1.791650327363900016e-09 1.791650327363900068e-10
9.720479477371776866e+00 1.813253224583824044e-09 1.813253224583824044e-10
9.896815988334534353e+00 1.835116599621973000e-09 1.835116599621973000e-10
1.007635137083144805e+01 1.857243593200311700e-09 1.857243593200311855e-10
1.025914365470008605e+01 1.879637383910185581e-09 1.879637383910185788e-10
1.044525192248120149e+01 1.902301188668942383e-09 1.902301188668942538e-10
1.063473632851539641e+01 1.925238263182035982e-09 1.925238263182036085e-10
1.082765811838643799e+01 1.948451902410723611e-09 1.948451902410723611e-10
1.102407964871717105e+01 1.971945441045394532e-09 1.971945441045394532e-10
1.122406440732456545e+01 1.995722253984601911e-09 1.995722253984601911e-10
1.142767703374039989e+01 2.019785756819877504e-09 2.019785756819877659e-10
1.163498334010419555e+01 2.044139406326388322e-09 2.044139406326388426e-10
1.184605033243516559e+01 2.068786700959509276e-09 2.068786700959509431e-10
1.206094623229006046e+01 2.093731181357383378e-09 2.093731181357383481e-10
1.227974049881388474e+01 2.118976430849543933e-09 2.118976430849543985e-10
1.250250385119065299e+01 2.144526075971667380e-09 2.144526075971667380e-10
1.272930829150140042e+01 2.170383786986531639e-09 2.170383786986531743e-10
1.296022712799683063e+01 2.196553278411255663e-09 2.196553278411255766e-10
1.319533499879229055e+01 2.223038309550909921e-09 2.223038309550910128e-10
1.343470789599230919e+01 2.249842685038531340e-09 2.249842685038531496e-10
1.367842319025304398e+01 2.276970255381677932e-09 2.276970255381677983e-10
1.392655965579017874e+01 2.304424917515558674e-09 2.304424917515558880e-10
1.417919749584050670e+01 2.332210615362842469e-09 2.332210615362842573e-10
1.443641836858540017e+01 2.360331340400204073e-09 2.360331340400204176e-10
1.469830541354455633e+01 2.388791132231712455e-09 2.388791132231712662e-10
1.496494327844854588e+01 2.417594079169129025e-09 2.417594079169129335e-10
1.523641814659884552e+01 2.446744318819200484e-09 2.446744318819200381e-10
1.551281776472419871e+01 2.476246038678038144e-09 2.476246038678038351e-10
1.579423147134231797e+01 2.506103476732656901e-09 2.506103476732657211e-10
1.608075022563608414e+01 2.536320922069775205e-09 2.536320922069775205e-10
1.637246663685354875e+01 2.566902715491947155e-09 2.566902715491947052e-10
1.666947499424144397e+01 2.597853250141141291e-09 2.597853250141141291e-10
1.697187129752135348e+01 2.629176972129804126e-09 2.629176972129804126e-10
1.727975328791912446e+01 2.660878381179570553e-09 2.660878381179570553e-10
1.759322047975694403e+01 2.692962031267652138e-09 2.692962031267652241e-10
1.791237419261861419e+01 2.725432531281026559e-09 2.725432531281026766e-10
1.823731758409828529e+01 2.758294545678516690e-09 2.758294545678516586e-10
1.856815568314328857e+01 2.791552795160848665e-09 2.791552795160848769e-10
1.890499542400184296e+01 2.825212057348789028e-09 2.825212057348789028e-10
1.924794568078657520e+01 2.859277167469464340e-09 2.859277167469464340e-10
1.959711730266507601e+01 2.893753019050950115e-09 2.893753019050950115e-10
1.995262314968880801e+01 2.928644564625235792e-09 2.928644564625236206e-10
2.031457812927199313e+01 2.963956816439669958e-09 2.963956816439669958e-10
2.068309923333221434e+01 2.999694847176974332e-09 2.999694847176974538e-10
2.105830557610497067e+01 3.035863790683961349e-09 3.035863790683961452e-10
2.144031843264380655e+01 3.072468842709000006e-09 3.072468842709000316e-10
2.182926127801928473e+01 3.109515261648413600e-09 3.109515261648413910e-10
2.222525982722882887e+01 3.147008369301853618e-09 3.147008369301853825e-10
2.262844207583061618e+01 3.184953551636788334e-09 3.184953551636788541e-10
2.303893834131460139e+01 3.223356259562209087e-09 3.223356259562209398e-10
2.345688130522402659e+01 3.262222009711667163e-09 3.262222009711667163e-10
2.388240605604106293e+01 3.301556385235747971e-09 3.301556385235748281e-10
2.431565013285040777e+01 3.341365036604104544e-09 3.341365036604104544e-10
2.475675356979499142e+01 3.381653682417158292e-09 3.381653682417158706e-10
2.520585894133812488e+01 3.422428110227589849e-09 3.422428110227589953e-10
2.566311140834675442e+01 3.463694177371732522e-09 3.463694177371732625e-10
2.612865876501063056e+01 3.505457811810990330e-09 3.505457811810990537e-10
2.660265148661289913e+01 3.547725012983415489e-09 3.547725012983415799e-10
2.708524277816674797e+01 3.590501852665518933e-09 3.590501852665519347e-10
2.757658862393489585e+01 3.633794475844508703e-09 3.633794475844509116e-10
2.807684783784712579e+01 3.677609101601028965e-09 3.677609101601029275e-10
2.858618211483248928e+01 3.721952024002542789e-09 3.721952024002543203e-10
2.910475608308271234e+01 3.766829613007488943e-09 3.766829613007488943e-10
2.963273735726370361e+01 3.812248315380341764e-09 3.812248315380342075e-10
3.017029659269233122e+01 3.858214655617703133e-09 3.858214655617703339e-10
3.071760754049605069e+01 3.904735236885559315e-09 3.904735236885559418e-10
3.127484710377312283e+01 3.951816741967840408e-09 3.951816741967840408e-10
3.184219539477164318e+01 3.999465934226418034e-09 3.999465934226418241e-10
3.241983579310583963e+01 4.047689658572676117e-09 4.047689658572676324e-10
3.300795500502838564e+01 4.096494842450792885e-09 4.096494842450793092e-10
3.360674312377827988e+01 4.145888496832906151e-09 4.145888496832906461e-10
3.421639369102283013e+01 4.195877717226219768e-09 4.195877717226220182e-10
3.483710375941489445e+01 4.246469684692311830e-09 4.246469684692312140e-10
3.546907395628462467e+01 4.297671666878704168e-09 4.297671666878704582e-10
3.611250854848668723e+01 4.349491019062876781e-09 4.349491019062877194e-10
3.676761550842388004e+01 4.401935185208871124e-09 4.401935185208871434e-10
3.743460658126843299e+01 4.455011699036627024e-09 4.455011699036627231e-10
3.811369735340277032e+01 4.508728185104222773e-09 4.508728185104223187e-10
3.880510732210183278e+01 4.563092359903157390e-09 4.563092359903157804e-10
3.950905996647951213e+01 4.618112032966843777e-09 4.618112032966843880e-10
4.022578281972204195e+01 4.673795107992461670e-09 4.673795107992461877e-10
4.095550754263183535e+01 4.730149583976344098e-09 4.730149583976343891e-10
4.169846999850530267e+01 4.787183556363043746e-09 4.787183556363044366e-10
4.245491032936948983e+01 4.844905218208287687e-09 4.844905218208288307e-10
4.322507303360082176e+01 4.903322861355889130e-09 4.903322861355889543e-10
4.400920704495273839e+01 4.962444877628910662e-09 4.962444877628910455e-10
4.480756581301660191e+01 5.022279760035170806e-09 5.022279760035171220e-10
4.562040738514220095e+01 5.082836103987271729e-09 5.082836103987271936e-10
4.644799448984444012e+01 5.144122608537359865e-09 5.144122608537360278e-10
4.729059462172302375e+01 5.206148077626757596e-09 5.206148077626757390e-10
4.814848012792271703e+01 5.268921421350671124e-09 5.268921421350671538e-10
4.902192829616196690e+01 5.332451657238142449e-09 5.332451657238142243e-10
4.991122144435848895e+01 5.396747911547440683e-09 5.396747911547441303e-10
5.081664701188074673e+01 5.461819420577070525e-09 5.461819420577070318e-10
5.173849765245469712e+01 5.527675531992579894e-09 5.527675531992580100e-10
5.267707132875594311e+01 5.594325706169371016e-09 5.594325706169371223e-10
5.363267140871832339e+01 5.661779517551735015e-09 5.661779517551735222e-10
5.460560676358854693e+01 5.730046656028191878e-09 5.730046656028192291e-10
5.559619186776069455e+01 5.799136928323497288e-09 5.799136928323497702e-10
5.660474690042125445e+01 5.869060259407393248e-09 5.869060259407393454e-10
5.763159784903815108e+01 5.939826693920351470e-09 5.939826693920352297e-10
5.867707661472717717e+01 6.011446397616506412e-09 6.011446397616506412e-10
5.974152111952983546e+01 6.083929658823989708e-09 6.083929658823990329e-10
6.082527541563727169e+01 6.157286889922871141e-09 6.157286889922871761e-10
6.192868979659559869e+01 6.231528628840921216e-09 6.231528628840921630e-10
6.305212091052859336e+01 6.306665540567402973e-09 6.306665540567403180e-10
6.419593187541433110e+01 6.382708418685127108e-09 6.382708418685127315e-10
6.536049239645295472e+01 6.459668186920968948e-09 6.459668186920969568e-10
6.654617888556360583e+01 6.537555900715082182e-09 6.537555900715082388e-10
6.775337458304957750e+01 6.616382748809069096e-09 6.616382748809069510e-10
6.898246968146935387e+01 6.696160054853211528e-09 6.696160054853212356e-10
7.023386145175614104e+01 6.776899279033184408e-09 6.776899279033184822e-10
7.150795437162442170e+01 6.858612019716312267e-09 6.858612019716312267e-10
7.280516025630632271e+01 6.941310015117717784e-09 6.941310015117717991e-10
7.412589839165937633e+01 7.025005144986527817e-09 7.025005144986527817e-10
7.547059566968904676e+01 7.109709432312430544e-09 7.109709432312430544e-10
7.683968672652981979e+01 7.195435045052807906e-09 7.195435045052808320e-10
7.823361408292923613e+01 7.282194297880685704e-09 7.282194297880686117e-10
7.965282828728045672e+01 7.369999653953761902e-09 7.369999653953761902e-10
8.109778806124958805e+01 7.458863726704772068e-09 7.458863726704772895e-10
8.256896044804470591e+01 7.548799281653432639e-09 7.548799281653432639e-10
8.406682096337446808e+01 7.639819238240225066e-09 7.639819238240225273e-10
8.559185374914609667e+01 7.731936671682347571e-09 7.731936671682347571e-10
8.714455172994981069e+01 7.825164814851932125e-09 7.825164814851932125e-10
8.872541677238368152e+01 7.919517060177017996e-09 7.919517060177017996e-10
9.033495984726798156e+01 8.015006961565398485e-09 8.015006961565399106e-10
9.197370119480231665e+01 8.111648236351660167e-09 8.111648236351660580e-10
9.364217049271886140e+01 8.209454767267717352e-09 8.209454767267717352e-10
9.534090702748601132e+01 8.308440604437091610e-09 8.308440604437091816e-10
9.707045986861780307e+01 8.408619967393244042e-09 8.408619967393244870e-10
9.883138804614537776e+01 8.510007247122243213e-09 8.510007247122243626e-10
1.006242607313079986e+02 8.612617008130059894e-09 8.612617008130060515e-10
1.024496574205218451e+02 8.716463990534798009e-09 8.716463990534798423e-10
1.043081681226862258e+02 8.821563112184133065e-09 8.821563112184133479e-10
1.062003935498873091e+02 8.927929470798292279e-09 8.927929470798292900e-10
1.081269453115625794e+02 9.035578346138915524e-09 9.035578346138916352e-10
1.100884461121853377e+02 9.144525202203962543e-09 9.144525202203963163e-10
1.120855299525375415e+02 9.254785689449190852e-09 9.254785689449191679e-10
1.141188423346327170e+02 9.366375647036369786e-09 9.366375647036371027e-10
1.161890404703566873e+02 9.479311105108611167e-09 9.479311105108611994e-10
1.182967934938930341e+02 9.593608287093134253e-09 9.593608287093135494e-10
1.204427826780022031e+02 9.709283612031799138e-09 9.709283612031799138e-10
1.226277016542240546e+02 9.826353696939729548e-09 9.826353696939730375e-10
1.248522566370750155e+02 9.944835359192397272e-09 9.944835359192398099e-10
1.271171666523123776e+02 1.006474561894145939e-08 1.006474561894145980e-09
1.294231637693394532e+02 1.018610170155975362e-08 1.018610170155975444e-09
1.317709933378266953e+02 1.030892104011575947e-08 1.030892104011575947e-09
1.341614142286250910e+02 1.043322127787787599e-08 1.043322127787787599e-09
1.365951990790511843e+02 1.055902027084897596e-08 1.055902027084897637e-09
1.390731345426190444e+02 1.068633609033137381e-08 1.068633609033137340e-09
1.415960215433053975e+02 1.081518702552287249e-08 1.081518702552287290e-09
1.441646755344256974e+02 1.094559158614402136e-08 1.094559158614402136e-09
1.467799267622069124e+02 1.107756850509708174e-08 1.107756850509708215e-09
1.494426205341415823e+02 1.121113674115705877e-08 1.121113674115705877e-09
1.521536174922100599e+02 1.134631548169515890e-08 1.134631548169516014e-09
1.549137938910591288e+02 1.148312414543510621e-08 1.148312414543510703e-09
1.577240418812271230e+02 1.162158238524267502e-08 1.162158238524267667e-09
1.605852697975067542e+02 1.176171009094887718e-08 1.176171009094887842e-09
1.634984024525392954e+02 1.190352739220718454e-08 1.190352739220718454e-09
1.664643814357345661e+02 1.204705466138518027e-08 1.204705466138518193e-09
1.694841654176132408e+02 1.219231251649108755e-08 1.219231251649108755e-09
1.725587304596720060e+02 1.233932182413566668e-08 1.233932182413566710e-09
1.756890703298662402e+02 1.248810370252963315e-08 1.248810370252963356e-09
1.788761968238193560e+02 1.263867952451741527e-08 1.263867952451741692e-09
1.821211400918574270e+02 1.279107092064738559e-08 1.279107092064738559e-09
1.854249489719766757e+02 1.294529978227914502e-08 1.294529978227914626e-09
1.887886913288512858e+02 1.310138826472825339e-08 1.310138826472825505e-09
1.922134543989910753e+02 1.325935879044889788e-08 1.325935879044889830e-09
1.957003451421606428e+02 1.341923405225492769e-08 1.341923405225492769e-09
1.992504905991732755e+02 1.358103701657971987e-08 1.358103701657972111e-09
2.028650382561758931e+02 1.374479092677536941e-08 1.374479092677536983e-09
2.065451564155418964e+02 1.391051930645163514e-08 1.391051930645163638e-09
2.102920345734927139e+02 1.407824596285516614e-08 1.407824596285516738e-09
2.141068838045690654e+02 1.424799499028944686e-08 1.424799499028944686e-09
2.179909371530788462e+02 1.441979077357606827e-08 1.441979077357606952e-09
2.219454500316420251e+02 1.459365799155754985e-08 1.459365799155755067e-09
2.259717006269697208e+02 1.476962162064258109e-08 1.476962162064258109e-09
2.300709903130022269e+02 1.494770693839392905e-08 1.494770693839392905e-09
2.342446440715419840e+02 1.512793952715960566e-08 1.512793952715960607e-09
2.384940109205172973e+02 1.531034527774783104e-08 1.531034527774783187e-09
2.428204643500151008e+02 1.549495039314631052e-08 1.549495039314631134e-09
2.472254027662232829e+02 1.568178139228633651e-08 1.568178139228633651e-09
2.517102499434271010e+02 1.587086511385231923e-08 1.587086511385231923e-09
2.562764554842044618e+02 1.606222872013718951e-08 1.606222872013719116e-09
2.609254952879699658e+02 1.625589970094434866e-08 1.625589970094434908e-09
2.656588720280184361e+02 1.645190587753662218e-08 1.645190587753662342e-09
2.704781156372218902e+02 1.665027540663282911e-08 1.665027540663283035e-09
2.753847838025400847e+02 1.685103678445265232e-08 1.685103678445265397e-09
2.803804624684964892e+02 1.705421885081004093e-08 1.705421885081004258e-09
2.854667663497930334e+02 1.725985079325619743e-08 1.725985079325619867e-09
2.906453394532211973e+02 1.746796215127243704e-08 1.746796215127243745e-09
2.959178556090420216e+02 1.767858282051355479e-08 1.767858282051355521e-09
3.012860190120049992e+02 1.789174305710245132e-08 1.789174305710245174e-09
3.067515647721818937e+02 1.810747348197646072e-08 1.810747348197646196e-09
3.123162594757932311e+02 1.832580508528612172e-08 1.832580508528612254e-09
3.179819017562078898e+02 1.854676923084697766e-08 1.854676923084697932e-09
3.237503228753020039e+02 1.877039766064507385e-08 1.877039766064507468e-09
3.296233873153632317e+02 1.899672249939674762e-08 1.899672249939674762e-09
3.356029933817331425e+02 1.922577625916341274e-08 1.922577625916341440e-09
3.416910738163812766e+02 1.945759184402198327e-08 1.945759184402198327e-09
3.478895964226128399e+02 1.969220255479170124e-08 1.969220255479170372e-09
3.542005647011027349e+02 1.992964209381770887e-08 1.992964209381771052e-09
3.606260184974743765e+02 2.016994456981260619e-08 2.016994456981260702e-09
3.671680346616224142e+02 2.041314450275617601e-08 2.041314450275617849e-09
3.738287277189971292e+02 2.065927682885427210e-08 2.065927682885427376e-09
3.806102505540659422e+02 2.090837690555748943e-08 2.090837690555749191e-09
3.875147951061739491e+02 2.116048051664032442e-08 2.116048051664032359e-09
3.945445930780273898e+02 2.141562387734161278e-08 2.141562387734161526e-09
4.017019166570295852e+02 2.167384363956689337e-08 2.167384363956689420e-09
4.089890792497030247e+02 2.193517689715358154e-08 2.193517689715358402e-09
4.164084362294333346e+02 2.219966119119954089e-08 2.219966119119954089e-09
4.239623856977788705e+02 2.246733451545597003e-08 2.246733451545597334e-09
4.316533692595895673e+02 2.273823532178524611e-08 2.273823532178524611e-09
4.394838728121916347e+02 2.301240252568473767e-08 2.301240252568473850e-09
4.474564273488795720e+02 2.328987551187693431e-08 2.328987551187693513e-09
4.555736097769932940e+02 2.357069413996724948e-08 2.357069413996725031e-09
4.638380437508310479e+02 2.385489875016993683e-08 2.385489875016993765e-09
4.722524005196729604e+02 2.414253016910301972e-08 2.414253016910301972e-09
4.808193997911885731e+02 2.443362971565316394e-08 2.443362971565316394e-09
4.895418106105065021e+02 2.472823920691118166e-08 2.472823920691118331e-09
4.984224522552320309e+02 2.502640096417916923e-08 2.502640096417917089e-09
5.074641951467003196e+02 2.532815781905007958e-08 2.532815781905008289e-09
5.166699617777603635e+02 2.563355311956053310e-08 2.563355311956053558e-09
5.260427276573901736e+02 2.594263073641788296e-08 2.594263073641788296e-09
5.355855222724472924e+02 2.625543506930233542e-08 2.625543506930233625e-09
5.453014300668654641e+02 2.657201105324501534e-08 2.657201105324501865e-09
5.551935914386203876e+02 2.689240416508315125e-08 2.689240416508315455e-09
5.652652037547691179e+02 2.721666042999267142e-08 2.721666042999267473e-09
5.755195223849154900e+02 2.754482642810000410e-08 2.754482642810000740e-09
5.859598617534163623e+02 2.787694930117334657e-08 2.787694930117334905e-09
5.965895964106777001e+02 2.821307675939469030e-08 2.821307675939469278e-09
6.074121621238849684e+02 2.855325708821352517e-08 2.855325708821352848e-09
6.184310569875189003e+02 2.889753915528310952e-08 2.889753915528311201e-09
6.296498425540180506e+02 2.924597241748043112e-08 2.924597241748043278e-09
6.410721449849518194e+02 2.959860692801080845e-08 2.959860692801081011e-09
6.527016562230767249e+02 2.995549334359812184e-08 2.995549334359812349e-09
6.645421351856546153e+02 3.031668293176178926e-08 3.031668293176178926e-09
6.765974089794171960e+02 3.068222757818138698e-08 3.068222757818138946e-09
6.888713741375773907e+02 3.105217979415033766e-08 3.105217979415033848e-09
7.013679978792680458e+02 3.142659272411899348e-08 3.142659272411899679e-09
7.140913193918406705e+02 3.180552015332915592e-08 3.180552015332915923e-09
7.270454511364196151e+02 3.218901651554037274e-08 3.218901651554037274e-09
7.402345801771409697e+02 3.257713690084946828e-08 3.257713690084946910e-09
7.536629695345054643e+02 3.296993706360439208e-08 3.296993706360439208e-09
7.673349595632811315e+02 3.336747343041338531e-08 3.336747343041338614e-09
7.812549693554033183e+02 3.376980310825088085e-08 3.376980310825088250e-09
7.954274981683232681e+02 3.417698389266096450e-08 3.417698389266096781e-09
8.098571268792684350e+02 3.458907427605985957e-08 3.458907427605986205e-09
8.245485194658845103e+02 3.500613345613850694e-08 3.500613345613851025e-09
8.395064245137366470e+02 3.542822134436643176e-08 3.542822134436643342e-09
8.547356767511562339e+02 3.585539857459810110e-08 3.585539857459810441e-09
8.702411986119402627e+02 3.628772651178331447e-08 3.628772651178331696e-09
8.860280018263810007e+02 3.672526726078212355e-08 3.672526726078212686e-09
9.021011890411758714e+02 3.716808367528651765e-08 3.716808367528652013e-09
9.184659554687149239e+02 3.761623936684946410e-08 3.761623936684946576e-09
9.351275905662893138e+02 3.806979871402281883e-08 3.806979871402281717e-09
9.520914797457616032e+02 3.852882687160547684e-08 3.852882687160547684e-09
9.693631061142511953e+02 3.899338978000299373e-08 3.899338978000299870e-09
9.869480522463967418e+02 3.946355417470005434e-08 3.946355417470005930e-09
1.004852001988768393e+03 3.993938759584718503e-08 3.993938759584718338e-09
1.023080742297014012e+03 4.042095839796304632e-08 4.042095839796305128e-09
1.041640165106332233e+03 4.090833575975372179e-08 4.090833575975372014e-09
1.060536269235877171e+03 4.140158969405036017e-08 4.140158969405036348e-09
1.079775162327708358e+03 4.190079105786662612e-08 4.190079105786662943e-09
1.099363062820925052e+03 4.240601156257773341e-08 4.240601156257773506e-09
1.119306301961592226e+03 4.291732378422152361e-08 4.291732378422152857e-09
1.139611325849148443e+03 4.343480117392448213e-08 4.343480117392448047e-09
1.160284697519926794e+03 4.395851806845304899e-08 4.395851806845305065e-09
1.181333099068475121e+03 4.448854970089227569e-08 4.448854970089227569e-09
1.202763333807356503e+03 4.502497221145319793e-08 4.502497221145319793e-09
1.224582328466133276e+03 4.556786265841059201e-08 4.556786265841059201e-09
1.246797135430239223e+03 4.611729902917253069e-08 4.611729902917253565e-09
1.269414935020468420e+03 4.667336025148343954e-08 4.667336025148344615e-09
1.292443037813814044e+03 4.723612620476226816e-08 4.723612620476226981e-09
1.315888887006411323e+03 4.780567773157733820e-08 4.780567773157733820e-09
1.339760060819343153e+03 4.838209664925953564e-08 4.838209664925953729e-09
1.364064274948087359e+03 4.896546576165553479e-08 4.896546576165553479e-09
1.388809385056413703e+03 4.955586887102292024e-08 4.955586887102292685e-09
1.414003389315491177e+03 5.015339079006827863e-08 5.015339079006828029e-09
1.439654430989088269e+03 5.075811735413094707e-08 5.075811735413094873e-09
1.465770801065652677e+03 5.137013543351335774e-08 5.137013543351335774e-09
1.492360940938144722e+03 5.198953294596018904e-08 5.198953294596019069e-09
1.519433445132483257e+03 5.261639886928793783e-08 5.261639886928793948e-09
1.546997064085488773e+03 5.325082325416673267e-08 5.325082325416673928e-09
1.575060706973218203e+03 5.389289723705638638e-08 5.389289723705638968e-09
1.603633444590610679e+03 5.454271305329828950e-08 5.454271305329829116e-09
1.632724512283369904e+03 5.520036405036524892e-08 5.520036405036524892e-09
1.662343312933033303e+03 5.586594470127101861e-08 5.586594470127102192e-09
1.692499419996194320e+03 5.653955061814164022e-08 5.653955061814164353e-09
1.723202580598852364e+03 5.722127856595016834e-08 5.722127856595016834e-09
1.754462718686914968e+03 5.791122647641751348e-08 5.791122647641751678e-09
1.786289938233818930e+03 5.860949346208009757e-08 5.860949346208010419e-09
1.818694526506371858e+03 5.931617983052790218e-08 5.931617983052790218e-09
1.851686957389823419e+03 6.003138709881376939e-08 6.003138709881377601e-09
1.885277894773259050e+03 6.075521800803656961e-08 6.075521800803657126e-09
1.919478195996405702e+03 6.148777653810017491e-08 6.148777653810017491e-09
1.954298915358966497e+03 6.222916792265041523e-08 6.222916792265042019e-09
1.989751307693617036e+03 6.297949866419212833e-08 6.297949866419213495e-09
2.025846832003817326e+03 6.373887654938842770e-08 6.373887654938843432e-09
2.062597155167618439e+03 6.450741066454459719e-08 6.450741066454459885e-09
2.100014155708656290e+03 6.528521141127842550e-08 6.528521141127843212e-09
2.138109927635556232e+03 6.607239052237983937e-08 6.607239052237984434e-09
2.176896784350980852e+03 6.686906107786126468e-08 6.686906107786126634e-09
2.216387262631615158e+03 6.767533752120234199e-08 6.767533752120234364e-09
2.256594126680303816e+03 6.849133567578936692e-08 6.849133567578937354e-09
2.297530372251746030e+03 6.931717276155395546e-08 6.931717276155396042e-09
2.339209230853007284e+03 7.015296741181186034e-08 7.015296741181186530e-09
2.381644174020237188e+03 7.099883969030485050e-08 7.099883969030485381e-09
2.424848917672970856e+03 7.185491110844826062e-08 7.185491110844826393e-09
2.468837426547420364e+03 7.272130464278622255e-08 7.272130464278622917e-09
2.513623918710186899e+03 7.359814475265760953e-08 7.359814475265760953e-09
2.559222870153859276e+03 7.448555739807490316e-08 7.448555739807490482e-09
2.605649019475975365e+03 7.538367005781852450e-08 7.538367005781852450e-09
2.652917372642866212e+03 7.629261174774959373e-08 7.629261174774959042e-09
2.701043207839919432e+03 7.721251303934323603e-08 7.721251303934323272e-09
2.750042080409821665e+03 7.814350607844530563e-08 7.814350607844531555e-09
2.799929827880417633e+03 7.908572460425606177e-08 7.908572460425605846e-09
2.850722575083715128e+03 8.003930396854120679e-08 8.003930396854120679e-09
2.902436739367815790e+03 8.100438115507608334e-08 8.100438115507608665e-09
2.955089035903359218e+03 8.198109479932346731e-08 8.198109479932347062e-09
3.008696483086241642e+03 8.296958520834898003e-08 8.296958520834897672e-09
3.063276408038338104e+03 8.396999438097635638e-08 8.396999438097636630e-09
3.118846452208017581e+03 8.498246602818599661e-08 8.498246602818599992e-09
3.175424577072248667e+03 8.600714559375932981e-08 8.600714559375932981e-09
3.233029069942152546e+03 8.704418027517215208e-08 8.704418027517215869e-09
3.291678549873868178e+03 8.809371904473983789e-08 8.809371904473984120e-09
3.351391973686645997e+03 8.915591267101760110e-08 8.915591267101760441e-09
3.412188642090114627e+03 9.023091374045858471e-08 9.023091374045858471e-09
3.474088205922693760e+03 9.131887667933331333e-08 9.131887667933331995e-09
3.537110672503211845e+03 9.241995777591376401e-08 9.241995777591377393e-09
3.601276412097673983e+03 9.353431520292370978e-08 9.353431520292371309e-09
3.666606164503415130e+03 9.466210904026121229e-08 9.466210904026122553e-09
3.733121045752656300e+03 9.580350129799422959e-08 9.580350129799424282e-09
3.800842554937679779e+03 9.695865593963377278e-08 9.695865593963377940e-09
3.869792581159812471e+03 9.812773890568757620e-08 9.812773890568758613e-09
3.939993410604471592e+03 9.931091813749788096e-08 9.931091813749789088e-09
4.011467733744557790e+03 1.005083636013664950e-07 1.005083636013665016e-08
4.084238652674521745e+03 1.017202473129709279e-07 1.017202473129709279e-08
4.158329688577473462e+03 1.029467433620747115e-07 1.029467433620747148e-08
4.233764789327757171e+03 1.041880279375359013e-07 1.041880279375359080e-08
4.310568337231434271e+03 1.054442793526168454e-07 1.054442793526168454e-08
4.388765156907181336e+03 1.067156780705992671e-07 1.067156780705992771e-08
4.468380523310194803e+03 1.080024067307087416e-07 1.080024067307087515e-08
4.549440169901568879e+03 1.093046501743502966e-07 1.093046501743503032e-08
4.631970296965956550e+03 1.106225954716619957e-07 1.106225954716620089e-08
4.715997580080075750e+03 1.119564319483877204e-07 1.119564319483877204e-08
4.801549178734854650e+03 1.133063512130742200e-07 1.133063512130742332e-08
4.888652745113982746e+03 1.146725471845962279e-07 1.146725471845962345e-08
4.977336433031709930e+03 1.160552161200132051e-07 1.160552161200132151e-08
5.067628907032790266e+03 1.174545566427621171e-07 1.174545566427621171e-08
5.159559351657502702e+03 1.188707697711902544e-07 1.188707697711902676e-08
5.253157480874740031e+03 1.203040589474317775e-07 1.203040589474317907e-08
5.348453547686232923e+03 1.217546300666327486e-07 1.217546300666327586e-08
5.445478353904986761e+03 1.232226915065283578e-07 1.232226915065283578e-08
5.544263260111109958e+03 1.247084541573767759e-07 1.247084541573767859e-08
5.644840195788293386e+03 1.262121314522545190e-07 1.262121314522545256e-08
5.747241669644063222e+03 1.277339393977157322e-07 1.277339393977157454e-08
5.851500780117369686e+03 1.292740966048225798e-07 1.292740966048225898e-08
5.957651226076723106e+03 1.308328243205490453e-07 1.308328243205490586e-08
6.065727317712421609e+03 1.324103464595635657e-07 1.324103464595635690e-08
6.175763987626372909e+03 1.340068896363948961e-07 1.340068896363948994e-08
6.287796802123084490e+03 1.356226831979857303e-07 1.356226831979857336e-08
6.401861972705489279e+03 1.372579592566389467e-07 1.372579592566389500e-08
6.517996367779307548e+03 1.389129527233610076e-07 1.389129527233610076e-08
6.636237524569743982e+03 1.405879013416074078e-07 1.405879013416074078e-08
6.756623661254347098e+03 1.422830457214352017e-07 1.422830457214352116e-08
6.879193689315981828e+03 1.439986293740669768e-07 1.439986293740669801e-08
7.003987226119873412e+03 1.457348987468716999e-07 1.457348987468717131e-08
7.131044607718876250e+03 1.474921032587682059e-07 1.474921032587682126e-08
7.260406901890904919e+03 1.492704953360535008e-07 1.492704953360535008e-08
7.392115921413008437e+03 1.510703304486652472e-07 1.510703304486652605e-08
7.526214237576180494e+03 1.528918671468803677e-07 1.528918671468803810e-08
7.662745193945345818e+03 1.547353670984562478e-07 1.547353670984562610e-08
7.801752920368970990e+03 1.566010951262201260e-07 1.566010951262201458e-08
7.943282347242813557e+03 1.584893192461111963e-07 1.584893192461111963e-08
